tree_size: 1417 1003 3052
coal_rate: 0.03680070124103827 0.05121202477776434 0.015624554989151423
program_time: 17.0435950756073 11.342890977859497 41.045324087142944
time_passed:  1.0714087004373534 -997.7662990348613 -997.3962625585542
