tree_size: 14038 19688 16413 15130 6901 4666 4258 587 5099 2658 1995 446 4130 2867 2338
coal_rate: 0.007761700486557549 0.0057009550821531816 0.006854066666350513 0.007447748502222871 0.015608740354080306 0.022518534791077825 0.025120213323825222 0.16383608420761386 0.02148969146576915 0.03850205576850821 0.05264160814703004 0.21459543572545714 0.027338790904196754 0.03841487936525508 0.0537600326018079


program_time: 31.27729821205139 61.452712059020996 67.07603287696838 34.473204135894775 36.96439719200134 40.3280930519104 23.039800882339478 33.77265810966492 20.573753833770752 46.74269080162048 47.18374514579773
time_passed: 1.1874961435770415 1.370680702434542 1.09655488281535 0.8095820687452459 0.9893205101012004 0.8935272018236704 0.7846639890905909 0.8481738464661288 0.8795172777060875 1.0996593228465548 1.0529177961041425
