tree_size: 2182 4240 4400 2383 2399 2589 1543 2439 1662 2940 3329
coal_rate: 0.022949037234074397 0.011105515288655018 0.013258695640053835 0.023149312526403197 0.02270582415071918 0.020166746552161913 0.032439713463589544 0.020960610067711417 0.030658723010291253 0.017423643562899466 0.014860884995122406
program_time: 31.27729821205139 61.452712059020996 67.07603287696838 34.473204135894775 36.96439719200134 40.3280930519104 23.039800882339478 33.77265810966492 20.573753833770752 46.74269080162048 47.18374514579773
time_passed: 1.1874961435770415 1.370680702434542 1.09655488281535 0.8095820687452459 0.9893205101012004 0.8935272018236704 0.7846639890905909 0.8481738464661288 0.8795172777060875 1.0996593228465548 1.0529177961041425
